# gtsam_ref_orb_preint_from_txt
# imu_txt: /ws/src/swift_vio/imu_data/imu_data_Tangent_0.txt
# config_yaml: /ws/src/swift_vio/imu_data/cpc_config_Tangent_0.yaml
# interval: ts=0 te=9.9949999999999992 DT=9.9949999999999992
# z9_order: [dphi, dp, dv]
# z6_order: [dba, dbg]
# z15_order: [dphi, dp, dv, dba, dbg] (blockdiag)

dR_gtsam (3x3)
0.366383207989645743 0.914256231689927423 -0.172912948385451681
-0.169539768128811608 0.248320006183717745 0.953726083082426346
0.914887759195653905 -0.320113600687400135 0.245983070004630489

dP_gtsam (3x1)
-99.796314795520302710
181.281242832711967594
410.255382790016028594

dV_gtsam (3x1)
-23.187399240418564261
51.906046264358579378
69.639475184553916165

DT_gtsam (1x1)
9.994999999999999218

Sigma_z9_gtsam (9x9)
0.028848497266593932 -0.002243786681941196 -0.002235757170142588 -2.243661727971528297 -3.154579029905991483 1.485190572285885358 -0.706494238855842061 -0.790247256542809917 0.607189467418097650
-0.002243786681941196 0.029557687572571788 -0.001908258459418846 3.479611629890831281 -1.052113831808928701 2.104959742824597857 0.980512535412649378 -0.227056084322909718 0.721093989551621628
-0.002235757170142585 -0.001908258459418856 0.029572427737467436 -0.076881267067153911 0.141997426480776262 -0.134552993001540250 -0.280776496004296550 -0.014208777479027308 -0.112889614882692779
-2.243661727971522524 3.479611629890807301 -0.076881267067156547 1007.484675816855201447 158.142828631798266770 241.667388763942511787 244.152192712974169808 41.456061915284159625 60.735335067156725586
-3.154579029906011023 -1.052113831808929589 0.141997426480780536 158.142828631798607830 800.206179246771284852 -440.549186973098642284 51.839413666018813842 168.188908092720424747 -140.098397137234059073
1.485190572285883803 2.104959742824604518 -0.134552993001539778 241.667388763943108643 -440.549186973098244380 379.661886689937944084 51.468121922151652825 -95.361886625375447579 120.357373141377010484
-0.706494238855842061 0.980512535412647934 -0.280776496004297216 244.152192712974567712 51.839413666018643312 51.468121922151482295 65.860914043910611326 14.196666950507756511 13.427212449984589071
-0.790247256542813137 -0.227056084322910662 -0.014208777479026723 41.456061915284060149 168.188908092720112109 -95.361886625375404947 14.196666950507754734 37.142865945876259559 -31.746803467266850873
0.607189467418096873 0.721093989551623293 -0.112889614882693071 60.735335067157073752 -140.098397137233291687 120.357373141377166803 13.427212449984683218 -31.746803467266712317 40.575503178472999366

JincBias_ba_bg_gtsam (9x6)
0.000000000000000000 0.000000000000000000 0.000000000000000000 -9.963187375016220315 -0.048345814746148540 0.106660481471105462
0.000000000000000000 0.000000000000000000 0.000000000000000000 0.105553449402744887 -10.005588374798822571 -0.048736886259767839
0.000000000000000000 0.000000000000000000 0.000000000000000000 -0.110213665627921328 0.030681062026350608 -10.048229447896591893
-43.527855172887555568 -16.701806376957012645 9.750886064925154528 437.943967842553490755 -1310.458384803098624616 451.299521751074507847
9.162367855787030280 -42.664059044694248257 -19.036973178973806142 1229.336004022798988444 164.600254365471897700 232.053332397718293123
-16.869258787924614751 12.757587858944836157 -42.294350795708268720 -715.540967360401054975 -668.613216541549036265 21.847413039881129038
-7.570537020618970381 -4.945353599665478050 2.262433005356105031 176.029042230582518869 -343.610642252134312002 180.736312745402329938
2.185496696508155257 -7.220460089604883613 -5.399943883086966601 300.245268459270675976 50.052334376807479543 61.243803099834536852
-5.000020907945049942 2.999344704951972584 -7.202725886144974332 -262.831102137493587634 -238.479595227266429447 21.385513925184412187

Sigma_bias_rw_gtsam (6x6)
0.000039980000000000 0.000000000000000000 0.000000000000000000 0.000000000000000000 0.000000000000000000 0.000000000000000000
0.000000000000000000 0.000039980000000000 0.000000000000000000 0.000000000000000000 0.000000000000000000 0.000000000000000000
0.000000000000000000 0.000000000000000000 0.000039980000000000 0.000000000000000000 0.000000000000000000 0.000000000000000000
0.000000000000000000 0.000000000000000000 0.000000000000000000 0.000489755000000000 0.000000000000000000 0.000000000000000000
0.000000000000000000 0.000000000000000000 0.000000000000000000 0.000000000000000000 0.000489755000000000 0.000000000000000000
0.000000000000000000 0.000000000000000000 0.000000000000000000 0.000000000000000000 0.000000000000000000 0.000489755000000000

Sigma_z15_gtsam (15x15)
0.028848497266593932 -0.002243786681941196 -0.002235757170142588 -2.243661727971528297 -3.154579029905991483 1.485190572285885358 -0.706494238855842061 -0.790247256542809917 0.607189467418097650 0.000000000000000000 0.000000000000000000 0.000000000000000000 0.000000000000000000 0.000000000000000000 0.000000000000000000
-0.002243786681941196 0.029557687572571788 -0.001908258459418846 3.479611629890831281 -1.052113831808928701 2.104959742824597857 0.980512535412649378 -0.227056084322909718 0.721093989551621628 0.000000000000000000 0.000000000000000000 0.000000000000000000 0.000000000000000000 0.000000000000000000 0.000000000000000000
-0.002235757170142585 -0.001908258459418856 0.029572427737467436 -0.076881267067153911 0.141997426480776262 -0.134552993001540250 -0.280776496004296550 -0.014208777479027308 -0.112889614882692779 0.000000000000000000 0.000000000000000000 0.000000000000000000 0.000000000000000000 0.000000000000000000 0.000000000000000000
-2.243661727971522524 3.479611629890807301 -0.076881267067156547 1007.484675816855201447 158.142828631798266770 241.667388763942511787 244.152192712974169808 41.456061915284159625 60.735335067156725586 0.000000000000000000 0.000000000000000000 0.000000000000000000 0.000000000000000000 0.000000000000000000 0.000000000000000000
-3.154579029906011023 -1.052113831808929589 0.141997426480780536 158.142828631798607830 800.206179246771284852 -440.549186973098642284 51.839413666018813842 168.188908092720424747 -140.098397137234059073 0.000000000000000000 0.000000000000000000 0.000000000000000000 0.000000000000000000 0.000000000000000000 0.000000000000000000
1.485190572285883803 2.104959742824604518 -0.134552993001539778 241.667388763943108643 -440.549186973098244380 379.661886689937944084 51.468121922151652825 -95.361886625375447579 120.357373141377010484 0.000000000000000000 0.000000000000000000 0.000000000000000000 0.000000000000000000 0.000000000000000000 0.000000000000000000
-0.706494238855842061 0.980512535412647934 -0.280776496004297216 244.152192712974567712 51.839413666018643312 51.468121922151482295 65.860914043910611326 14.196666950507756511 13.427212449984589071 0.000000000000000000 0.000000000000000000 0.000000000000000000 0.000000000000000000 0.000000000000000000 0.000000000000000000
-0.790247256542813137 -0.227056084322910662 -0.014208777479026723 41.456061915284060149 168.188908092720112109 -95.361886625375404947 14.196666950507754734 37.142865945876259559 -31.746803467266850873 0.000000000000000000 0.000000000000000000 0.000000000000000000 0.000000000000000000 0.000000000000000000 0.000000000000000000
0.607189467418096873 0.721093989551623293 -0.112889614882693071 60.735335067157073752 -140.098397137233291687 120.357373141377166803 13.427212449984683218 -31.746803467266712317 40.575503178472999366 0.000000000000000000 0.000000000000000000 0.000000000000000000 0.000000000000000000 0.000000000000000000 0.000000000000000000
0.000000000000000000 0.000000000000000000 0.000000000000000000 0.000000000000000000 0.000000000000000000 0.000000000000000000 0.000000000000000000 0.000000000000000000 0.000000000000000000 0.000039980000000000 0.000000000000000000 0.000000000000000000 0.000000000000000000 0.000000000000000000 0.000000000000000000
0.000000000000000000 0.000000000000000000 0.000000000000000000 0.000000000000000000 0.000000000000000000 0.000000000000000000 0.000000000000000000 0.000000000000000000 0.000000000000000000 0.000000000000000000 0.000039980000000000 0.000000000000000000 0.000000000000000000 0.000000000000000000 0.000000000000000000
0.000000000000000000 0.000000000000000000 0.000000000000000000 0.000000000000000000 0.000000000000000000 0.000000000000000000 0.000000000000000000 0.000000000000000000 0.000000000000000000 0.000000000000000000 0.000000000000000000 0.000039980000000000 0.000000000000000000 0.000000000000000000 0.000000000000000000
0.000000000000000000 0.000000000000000000 0.000000000000000000 0.000000000000000000 0.000000000000000000 0.000000000000000000 0.000000000000000000 0.000000000000000000 0.000000000000000000 0.000000000000000000 0.000000000000000000 0.000000000000000000 0.000489755000000000 0.000000000000000000 0.000000000000000000
0.000000000000000000 0.000000000000000000 0.000000000000000000 0.000000000000000000 0.000000000000000000 0.000000000000000000 0.000000000000000000 0.000000000000000000 0.000000000000000000 0.000000000000000000 0.000000000000000000 0.000000000000000000 0.000000000000000000 0.000489755000000000 0.000000000000000000
0.000000000000000000 0.000000000000000000 0.000000000000000000 0.000000000000000000 0.000000000000000000 0.000000000000000000 0.000000000000000000 0.000000000000000000 0.000000000000000000 0.000000000000000000 0.000000000000000000 0.000000000000000000 0.000000000000000000 0.000000000000000000 0.000489755000000000

