1158.688810141612975713 192.588498708561985495 281.120802726603756128 -3.467646277908723818 2.284758308055683251 2.681992584638027921 295.815759407110817847 50.677627940667576922 76.366935798122455026 0.084843331917533391 -0.150721694765695136 0.044593765509627611 -0.000514873562295299 -0.000331044129091033 0.000177095634054300
192.588498708561985495 902.402820358245548960 -513.059538404414070101 -3.074869043604128827 -2.939143287912442837 0.255832731957320536 69.086245427429375354 197.049975228970140506 -169.299167591979255576 0.137187746938465832 0.029543888188890265 0.016942047495000303 0.000157874216178796 -0.000495999131750458 -0.000366584070749232
281.120802726603756128 -513.059538404414070101 462.307470475057925796 1.044713004063407391 3.244861575339582416 0.857672759201563828 60.113408752935853840 -116.663303313845858611 154.190556690778294069 -0.091372377107042171 -0.104213235260247880 0.006735799395910510 -0.000343409169250657 0.000218207718822041 -0.000490360523125882
-3.467646277908723818 -3.074869043604128827 1.044713004063407391 0.040154184166263339 0.000630147920948229 0.000751099994481462 -1.305262895416557489 -0.851205096971654140 0.434771210843441613 -0.002166352076499329 0.000428922289422998 -0.000808018511804573 0.000000000000000000 0.000000000000000000 0.000000000000000000
2.284758308055683695 -2.939143287912442837 3.244861575339582416 0.000630147920948229 0.039736002603726582 0.000545584054315140 0.717066397890857687 -0.732443365815588665 1.269220737655025744 -0.000764207400947107 -0.002095334371437203 0.000615808720944909 0.000000000000000000 0.000000000000000000 0.000000000000000000
2.681992584638027921 0.255832731957320592 0.857672759201563828 0.000751099994481462 0.000545584054315140 0.039904986781205964 0.564387664935888989 0.042144704194435167 0.219633862859235862 0.000465066806902075 -0.000891736970380530 -0.002099706679527216 0.000000000000000000 0.000000000000000000 0.000000000000000000
295.815759407110817847 69.086245427429389565 60.113408752935846735 -1.305262895416557489 0.717066397890857687 0.564387664935888989 84.618625719125788009 19.065520525764647175 16.973694424089188715 0.042464219801390077 -0.052476964080641030 0.022937432650477457 -0.000128508177853135 -0.000130851300821469 0.000051437678121850
50.677627940667576922 197.049975228970140506 -116.663303313845858611 -0.851205096971654140 -0.732443365815588665 0.042144704194435167 19.065520525764647175 45.507646587449194442 -40.521150389854220464 0.043599354469573887 0.011584557198872816 0.005335785791066901 0.000050742767582103 -0.000117977562025538 -0.000139668674738821
76.366935798122469237 -169.299167591979255576 154.190556690778322491 0.434771210843441613 1.269220737655025744 0.219633862859235862 16.973694424089188715 -40.521150389854213358 54.771226394111444336 -0.041099844797788769 -0.048265200889783130 0.005210509103938742 -0.000132355995072318 0.000068859454595233 -0.000118761394710458
0.084843331917533391 0.137187746938465832 -0.091372377107042171 -0.002166352076499329 -0.000764207400947107 0.000465066806902075 0.042464219801390077 0.043599354469573887 -0.041099844797788769 0.000489755000000010 0.000000000000000000 0.000000000000000000 0.000000000000000000 0.000000000000000000 0.000000000000000000
-0.150721694765695136 0.029543888188890265 -0.104213235260247880 0.000428922289422998 -0.002095334371437203 -0.000891736970380530 -0.052476964080641030 0.011584557198872816 -0.048265200889783130 0.000000000000000000 0.000489755000000010 0.000000000000000000 0.000000000000000000 0.000000000000000000 0.000000000000000000
0.044593765509627611 0.016942047495000303 0.006735799395910510 -0.000808018511804573 0.000615808720944909 -0.002099706679527216 0.022937432650477457 0.005335785791066901 0.005210509103938742 0.000000000000000000 0.000000000000000000 0.000489755000000010 0.000000000000000000 0.000000000000000000 0.000000000000000000
-0.000514873562295299 0.000157874216178796 -0.000343409169250657 0.000000000000000000 0.000000000000000000 0.000000000000000000 -0.000128508177853135 0.000050742767582103 -0.000132355995072318 0.000000000000000000 0.000000000000000000 0.000000000000000000 0.000039980000000000 0.000000000000000000 0.000000000000000000
-0.000331044129091033 -0.000495999131750458 0.000218207718822041 0.000000000000000000 0.000000000000000000 0.000000000000000000 -0.000130851300821469 -0.000117977562025538 0.000068859454595233 0.000000000000000000 0.000000000000000000 0.000000000000000000 0.000000000000000000 0.000039980000000000 0.000000000000000000
0.000177095634054300 -0.000366584070749232 -0.000490360523125882 0.000000000000000000 0.000000000000000000 0.000000000000000000 0.000051437678121850 -0.000139668674738821 -0.000118761394710458 0.000000000000000000 0.000000000000000000 0.000000000000000000 0.000000000000000000 0.000000000000000000 0.000039980000000000
