1.000000000000000000 0.000000000000000000 0.000000000000000000 -0.000000000000429925 410.255388421543329969 -181.344688729307193853 9.994999999999999218 0.000000000000000000 0.000000000000000000 437.999752623768358717 -1311.169972705458576456 451.308905613834610904 -43.526416887056036842 -16.708808079685169901 9.755990087211770856
0.000000000000000000 1.000000000000000000 0.000000000000000000 -410.255388421545717392 -0.000000000002191062 -99.845724698248631057 0.000000000000000000 9.994999999999999218 0.000000000000000000 1230.072452738349966239 164.708083610267948416 232.092118619092474319 9.169298381859066538 -42.663034129250718252 -19.043500063802476063
0.000000000000000000 0.000000000000000000 1.000000000000000000 181.344688729310291819 99.845724698248773166 0.000000000002690249 0.000000000000000000 0.000000000000000000 9.994999999999999218 -715.632613398130729365 -668.711484404308521334 21.853888049341705369 -16.875634290998579701 12.762657288898250130 -42.294316737687850605
0.000000000000000000 0.000000000000000000 0.000000000000000000 0.367072491054669880 -0.170152427006156154 0.914497642367744112 0.000000000000000000 0.000000000000000000 0.000000000000000000 -7.723945419617932018 2.156698599317200760 -4.838305870259958397 0.000000000000000000 0.000000000000000000 0.000000000000000000
0.000000000000000000 0.000000000000000000 0.000000000000000000 0.913902354945637985 0.249154281611073475 -0.320475630245066478 0.000000000000000000 0.000000000000000000 0.000000000000000000 -4.771795137584498470 -7.280654973464268487 3.031581165844902337 0.000000000000000000 0.000000000000000000 0.000000000000000000
0.000000000000000000 0.000000000000000000 0.000000000000000000 -0.173321296836411537 0.953399336867867375 0.246960386548459254 0.000000000000000000 0.000000000000000000 0.000000000000000000 2.162582318119304237 -5.286540613482000772 -7.319805883473898156 0.000000000000000000 0.000000000000000000 0.000000000000000000
0.000000000000000000 0.000000000000000000 0.000000000000000000 -0.000000000000520957 69.650686047683265656 -51.907696380321887375 1.000000000000000000 0.000000000000000000 0.000000000000000000 175.975904083922188192 -343.723496920188154036 180.671324899633845007 -7.571024271390223603 -4.945872923578627400 2.263238426707216533
0.000000000000000000 0.000000000000000000 0.000000000000000000 -69.650686047684629898 -0.000000000000852436 -23.195162384701035307 0.000000000000000000 1.000000000000000000 0.000000000000000000 300.391657459323823787 50.086638857904347333 61.240066171888024371 2.187139417727132606 -7.221158175777686594 -5.400117161355988848
0.000000000000000000 0.000000000000000000 0.000000000000000000 51.907696380322832397 23.195162384701383473 0.000000000001351583 0.000000000000000000 0.000000000000000000 1.000000000000000000 -262.761786250374541396 -238.423377157954973882 21.372855032242711104 -5.000213656669769691 3.000002162179909782 -7.203869286605079303
0.000000000000000000 0.000000000000000000 0.000000000000000000 0.000000000000000000 0.000000000000000000 0.000000000000000000 0.000000000000000000 0.000000000000000000 0.000000000000000000 1.000000000000000000 0.000000000000000000 0.000000000000000000 0.000000000000000000 0.000000000000000000 0.000000000000000000
0.000000000000000000 0.000000000000000000 0.000000000000000000 0.000000000000000000 0.000000000000000000 0.000000000000000000 0.000000000000000000 0.000000000000000000 0.000000000000000000 0.000000000000000000 1.000000000000000000 0.000000000000000000 0.000000000000000000 0.000000000000000000 0.000000000000000000
0.000000000000000000 0.000000000000000000 0.000000000000000000 0.000000000000000000 0.000000000000000000 0.000000000000000000 0.000000000000000000 0.000000000000000000 0.000000000000000000 0.000000000000000000 0.000000000000000000 1.000000000000000000 0.000000000000000000 0.000000000000000000 0.000000000000000000
0.000000000000000000 0.000000000000000000 0.000000000000000000 0.000000000000000000 0.000000000000000000 0.000000000000000000 0.000000000000000000 0.000000000000000000 0.000000000000000000 0.000000000000000000 0.000000000000000000 0.000000000000000000 1.000000000000000000 0.000000000000000000 0.000000000000000000
0.000000000000000000 0.000000000000000000 0.000000000000000000 0.000000000000000000 0.000000000000000000 0.000000000000000000 0.000000000000000000 0.000000000000000000 0.000000000000000000 0.000000000000000000 0.000000000000000000 0.000000000000000000 0.000000000000000000 1.000000000000000000 0.000000000000000000
0.000000000000000000 0.000000000000000000 0.000000000000000000 0.000000000000000000 0.000000000000000000 0.000000000000000000 0.000000000000000000 0.000000000000000000 0.000000000000000000 0.000000000000000000 0.000000000000000000 0.000000000000000000 0.000000000000000000 0.000000000000000000 1.000000000000000000
