# export_orb_preint_pack
# imu_txt: /workspace/ORB_SLAM3/src/imu_data/imu_data_Tangent_0.txt
# config_yaml: /workspace/ORB_SLAM3/src/imu_data/cpc_config_Tangent_0.yaml
# interval: ts=0 te=9.9949999999999992 DT=9.9951810836791992
# dt_nominal: 0.0050000000000000001
# orb_noise_discrete: Ng=0.70710676908493042 Na=0.42426407337188721 Ngw=0.00049497472355142236 Naw=0.00014142136205919087
# z9_order: [dphi, dp, dv]
# z6_order: [dba, dbg]
# z15_order: [dphi, dp, dv, dba, dbg] (blockdiag)

dR_orb (3x3)
0.367128223180770874 0.913862407207489014 -0.173414006829261780
-0.170024722814559937 0.249221950769424438 0.953404366970062256
0.914498925209045410 -0.320536971092224121 0.246875554323196411

dP_orb (3x1)
-99.797752380371093750
181.220214843750000000
410.313354492187500000

dV_orb (3x1)
-23.193355560302734375
51.886375427246093750
69.665664672851562500

DT_orb (1x1)
9.995181083679199219

Sigma_z9_orb (9x9)
0.028799957457122605 -0.002240297104598505 -0.002232026481871544 -2.239668651740117866 -3.150446152435343095 1.482282980816833629 -0.705175966227812978 -0.789515349051674420 0.606016227209661196
-0.002240297329974010 0.029510221528199199 -0.001906062782068558 3.474817823868342259 -1.050675570536372838 2.101111204681924249 0.979354778321084751 -0.226795186138877058 0.719773151570211489
-0.002232026439069920 -0.001906062876141105 0.029524288586218174 -0.076220744083329350 0.141979070072279612 -0.134227395234468361 -0.280098755065507632 -0.014165396928827345 -0.112606526401146212
-2.239670410011086688 3.474820540397992374 -0.076222614850792070 1006.789611816406250000 157.930297851562500000 241.527328491210937500 243.953567504882812500 41.415744781494140625 60.697036743164062500
-3.150451763398756100 -1.050673812646153671 0.141978916524260868 157.930664062500000000 799.939392089843750000 -440.124755859375000000 51.747489929199218750 168.158859252929687500 -139.940444946289062500
1.482282954002982933 2.101108797590679700 -0.134227692596049053 241.527328491210937500 -440.124603271484375000 379.083221435546875000 51.458911895751953125 -95.285606384277343750 120.153785705566406250
-0.705175993042118421 0.979355912762748915 -0.280098938226206684 243.953628540039062500 51.747291564941406250 51.458896636962890625 65.797904968261718750 14.177987098693847656 13.425835609436035156
-0.789516740454564214 -0.226793948300664683 -0.014166069935469761 41.415901184082031250 168.158905029296875000 -95.285667419433593750 14.178051948547363281 37.144329071044921875 -31.718391418457031250
0.606016054211352184 0.719772618077188397 -0.112606310351136329 60.697017669677734375 -139.940200805664062500 120.153762817382812500 13.425821304321289062 -31.718341827392578125 40.501903533935546875

JincBias_ba_bg_orb (9x6)
0.000000000000000000 0.000000000000000000 0.000000000000000000 -9.955429021009422286 -0.048041804973422586 0.106816440963427794
0.000000000000000000 0.000000000000000000 0.000000000000000000 0.105899577074382023 -9.998176163042927556 -0.048288323455793147
0.000000000000000000 0.000000000000000000 0.000000000000000000 -0.109757276659877334 0.031119278766823300 -10.040759394978053365
-43.532669067382812500 -16.696092605590820312 9.751032829284667969 437.566986083984375000 -1310.290405273437500000 450.889831542968750000
9.162597656250000000 -42.669670104980468750 -19.030744552612304688 1229.294677734375000000 164.551559448242187500 231.959838867187500000
-16.863716125488281250 12.756285667419433594 -42.300098419189453125 -715.018676757812500000 -668.158142089843750000 21.804658889770507812
-7.572792530059814453 -4.943398475646972656 2.263031959533691406 175.848114013671875000 -343.605468750000000000 180.547439575195312500
2.186184167861938477 -7.223088264465332031 -5.397935867309570312 300.315399169921875000 50.053142547607421875 61.233413696289062500
-4.998031139373779297 2.999590396881103516 -7.205393314361572266 -262.611785888671875000 -238.293060302734375000 21.343585968017578125

Sigma_bias_rw_orb (6x6)
0.000039980481233215 0.000000000000000000 0.000000000000000000 0.000000000000000000 0.000000000000000000 0.000000000000000000
0.000000000000000000 0.000039980481233215 0.000000000000000000 0.000000000000000000 0.000000000000000000 0.000000000000000000
0.000000000000000000 0.000000000000000000 0.000039980481233215 0.000000000000000000 0.000000000000000000 0.000000000000000000
0.000000000000000000 0.000000000000000000 0.000000000000000000 0.000489749829284847 0.000000000000000000 0.000000000000000000
0.000000000000000000 0.000000000000000000 0.000000000000000000 0.000000000000000000 0.000489749829284847 0.000000000000000000
0.000000000000000000 0.000000000000000000 0.000000000000000000 0.000000000000000000 0.000000000000000000 0.000489749829284847

Sigma_z15_orb (15x15)
0.028799957457122605 -0.002240297104598505 -0.002232026481871544 -2.239668651740117866 -3.150446152435343095 1.482282980816833629 -0.705175966227812978 -0.789515349051674420 0.606016227209661196 0.000000000000000000 0.000000000000000000 0.000000000000000000 0.000000000000000000 0.000000000000000000 0.000000000000000000
-0.002240297329974010 0.029510221528199199 -0.001906062782068558 3.474817823868342259 -1.050675570536372838 2.101111204681924249 0.979354778321084751 -0.226795186138877058 0.719773151570211489 0.000000000000000000 0.000000000000000000 0.000000000000000000 0.000000000000000000 0.000000000000000000 0.000000000000000000
-0.002232026439069920 -0.001906062876141105 0.029524288586218174 -0.076220744083329350 0.141979070072279612 -0.134227395234468361 -0.280098755065507632 -0.014165396928827345 -0.112606526401146212 0.000000000000000000 0.000000000000000000 0.000000000000000000 0.000000000000000000 0.000000000000000000 0.000000000000000000
-2.239670410011086688 3.474820540397992374 -0.076222614850792070 1006.789611816406250000 157.930297851562500000 241.527328491210937500 243.953567504882812500 41.415744781494140625 60.697036743164062500 0.000000000000000000 0.000000000000000000 0.000000000000000000 0.000000000000000000 0.000000000000000000 0.000000000000000000
-3.150451763398756100 -1.050673812646153671 0.141978916524260868 157.930664062500000000 799.939392089843750000 -440.124755859375000000 51.747489929199218750 168.158859252929687500 -139.940444946289062500 0.000000000000000000 0.000000000000000000 0.000000000000000000 0.000000000000000000 0.000000000000000000 0.000000000000000000
1.482282954002982933 2.101108797590679700 -0.134227692596049053 241.527328491210937500 -440.124603271484375000 379.083221435546875000 51.458911895751953125 -95.285606384277343750 120.153785705566406250 0.000000000000000000 0.000000000000000000 0.000000000000000000 0.000000000000000000 0.000000000000000000 0.000000000000000000
-0.705175993042118421 0.979355912762748915 -0.280098938226206684 243.953628540039062500 51.747291564941406250 51.458896636962890625 65.797904968261718750 14.177987098693847656 13.425835609436035156 0.000000000000000000 0.000000000000000000 0.000000000000000000 0.000000000000000000 0.000000000000000000 0.000000000000000000
-0.789516740454564214 -0.226793948300664683 -0.014166069935469761 41.415901184082031250 168.158905029296875000 -95.285667419433593750 14.178051948547363281 37.144329071044921875 -31.718391418457031250 0.000000000000000000 0.000000000000000000 0.000000000000000000 0.000000000000000000 0.000000000000000000 0.000000000000000000
0.606016054211352184 0.719772618077188397 -0.112606310351136329 60.697017669677734375 -139.940200805664062500 120.153762817382812500 13.425821304321289062 -31.718341827392578125 40.501903533935546875 0.000000000000000000 0.000000000000000000 0.000000000000000000 0.000000000000000000 0.000000000000000000 0.000000000000000000
0.000000000000000000 0.000000000000000000 0.000000000000000000 0.000000000000000000 0.000000000000000000 0.000000000000000000 0.000000000000000000 0.000000000000000000 0.000000000000000000 0.000039980481233215 0.000000000000000000 0.000000000000000000 0.000000000000000000 0.000000000000000000 0.000000000000000000
0.000000000000000000 0.000000000000000000 0.000000000000000000 0.000000000000000000 0.000000000000000000 0.000000000000000000 0.000000000000000000 0.000000000000000000 0.000000000000000000 0.000000000000000000 0.000039980481233215 0.000000000000000000 0.000000000000000000 0.000000000000000000 0.000000000000000000
0.000000000000000000 0.000000000000000000 0.000000000000000000 0.000000000000000000 0.000000000000000000 0.000000000000000000 0.000000000000000000 0.000000000000000000 0.000000000000000000 0.000000000000000000 0.000000000000000000 0.000039980481233215 0.000000000000000000 0.000000000000000000 0.000000000000000000
0.000000000000000000 0.000000000000000000 0.000000000000000000 0.000000000000000000 0.000000000000000000 0.000000000000000000 0.000000000000000000 0.000000000000000000 0.000000000000000000 0.000000000000000000 0.000000000000000000 0.000000000000000000 0.000489749829284847 0.000000000000000000 0.000000000000000000
0.000000000000000000 0.000000000000000000 0.000000000000000000 0.000000000000000000 0.000000000000000000 0.000000000000000000 0.000000000000000000 0.000000000000000000 0.000000000000000000 0.000000000000000000 0.000000000000000000 0.000000000000000000 0.000000000000000000 0.000489749829284847 0.000000000000000000
0.000000000000000000 0.000000000000000000 0.000000000000000000 0.000000000000000000 0.000000000000000000 0.000000000000000000 0.000000000000000000 0.000000000000000000 0.000000000000000000 0.000000000000000000 0.000000000000000000 0.000000000000000000 0.000000000000000000 0.000000000000000000 0.000489749829284847

