# preint_from_openvins_pack
# pack_yaml: /ws/src/swift_vio/imu_data/imu_prop_pack.yaml
# dt: 9.9949999999999992
# recon_errors: |p|=2.84217e-14 |v|=3.55271e-15 angle_rad=0

covRK4_from_openvins_pack (15x15)
1158.688810141612975713 192.588498708561985495 281.120802726603756128 0.350322008009955999 3.716295696759715828 -3.241017779020373801 295.815759407110817847 50.677627940667576922 76.366935798122455026 0.084843331917533391 -0.150721694765695136 0.044593765509627611 -0.000514873562295299 -0.000331044129091033 0.000177095634054300
192.588498708561985495 902.402820358245548960 -513.059538404414070101 -3.859131072721917022 0.034807053040938646 -1.806856143013957361 69.086245427429375354 197.049975228970140506 -169.299167591979255576 0.137187746938465832 0.029543888188890265 0.016942047495000303 0.000157874216178796 -0.000495999131750458 -0.000366584070749232
281.120802726603756128 -513.059538404414070101 462.307470475057925796 3.200319085125961305 1.448415341436142478 0.127299716896162873 60.113408752935853840 -116.663303313845858611 154.190556690778294069 -0.091372377107042171 -0.104213235260247880 0.006735799395910510 -0.000343409169250657 0.000218207718822041 -0.000490360523125882
0.350322008009956443 -3.859131072721917022 3.200319085125961305 0.039951803249269502 0.000642424864485930 0.000688149025071523 0.078382165177862270 -0.989140267012080687 1.281469146551104776 -0.001574225178701257 -0.001602928435063222 0.000630111556992685 0.000000000000000000 0.000000000000000000 0.000000000000000000
3.716295696759715828 0.034807053040938701 1.448415341436142478 0.000642424864485933 0.039863790304539480 0.000642838807116282 0.938840638255868165 0.002523945530690075 0.451653183582268469 0.000621598902880775 -0.001445225134813169 -0.001710941265550814 0.000000000000000000 0.000000000000000000 0.000000000000000000
-3.241017779020373801 -1.806856143013957361 0.127299716896162873 0.000688149025071520 0.000642838807116285 0.039979579997386903 -1.284080750423630679 -0.533286732634195237 0.045083795136333094 -0.001621360939636141 0.000843528318791657 -0.001454827085203436 0.000000000000000000 0.000000000000000000 0.000000000000000000
295.815759407110817847 69.086245427429389565 60.113408752935846735 0.078382165177862270 0.938840638255868165 -1.284080750423630679 84.618625719125788009 19.065520525764647175 16.973694424089188715 0.042464219801390077 -0.052476964080641030 0.022937432650477457 -0.000128508177853135 -0.000130851300821469 0.000051437678121850
50.677627940667576922 197.049975228970140506 -116.663303313845858611 -0.989140267012080687 0.002523945530690075 -0.533286732634195237 19.065520525764647175 45.507646587449194442 -40.521150389854220464 0.043599354469573887 0.011584557198872816 0.005335785791066901 0.000050742767582103 -0.000117977562025538 -0.000139668674738821
76.366935798122469237 -169.299167591979255576 154.190556690778322491 1.281469146551104776 0.451653183582268469 0.045083795136333094 16.973694424089188715 -40.521150389854213358 54.771226394111444336 -0.041099844797788769 -0.048265200889783130 0.005210509103938742 -0.000132355995072318 0.000068859454595233 -0.000118761394710458
0.084843331917533391 0.137187746938465832 -0.091372377107042171 -0.001574225178701257 0.000621598902880775 -0.001621360939636141 0.042464219801390077 0.043599354469573887 -0.041099844797788769 0.000489755000000010 0.000000000000000000 0.000000000000000000 0.000000000000000000 0.000000000000000000 0.000000000000000000
-0.150721694765695136 0.029543888188890265 -0.104213235260247880 -0.001602928435063222 -0.001445225134813169 0.000843528318791657 -0.052476964080641030 0.011584557198872816 -0.048265200889783130 0.000000000000000000 0.000489755000000010 0.000000000000000000 0.000000000000000000 0.000000000000000000 0.000000000000000000
0.044593765509627611 0.016942047495000303 0.006735799395910510 0.000630111556992685 -0.001710941265550814 -0.001454827085203436 0.022937432650477457 0.005335785791066901 0.005210509103938742 0.000000000000000000 0.000000000000000000 0.000489755000000010 0.000000000000000000 0.000000000000000000 0.000000000000000000
-0.000514873562295299 0.000157874216178796 -0.000343409169250657 0.000000000000000000 0.000000000000000000 0.000000000000000000 -0.000128508177853135 0.000050742767582103 -0.000132355995072318 0.000000000000000000 0.000000000000000000 0.000000000000000000 0.000039980000000000 0.000000000000000000 0.000000000000000000
-0.000331044129091033 -0.000495999131750458 0.000218207718822041 0.000000000000000000 0.000000000000000000 0.000000000000000000 -0.000130851300821469 -0.000117977562025538 0.000068859454595233 0.000000000000000000 0.000000000000000000 0.000000000000000000 0.000000000000000000 0.000039980000000000 0.000000000000000000
0.000177095634054300 -0.000366584070749232 -0.000490360523125882 0.000000000000000000 0.000000000000000000 0.000000000000000000 0.000051437678121850 -0.000139668674738821 -0.000118761394710458 0.000000000000000000 0.000000000000000000 0.000000000000000000 0.000000000000000000 0.000000000000000000 0.000039980000000000

jacRK4_from_openvins_pack (15x15)
1.000000000000000000 0.000000000000000000 0.000000000000000000 -0.000000000000429925 410.255388421543329969 -181.344688729307193853 9.994999999999999218 0.000000000000000000 0.000000000000000000 437.999752623768358717 -1311.169972705458576456 451.308905613834610904 -43.526416887056036842 -16.708808079685169901 9.755990087211770856
0.000000000000000000 1.000000000000000000 0.000000000000000000 -410.255388421545717392 -0.000000000002191062 -99.845724698248631057 0.000000000000000000 9.994999999999999218 0.000000000000000000 1230.072452738349966239 164.708083610267948416 232.092118619092474319 9.169298381859066538 -42.663034129250718252 -19.043500063802476063
0.000000000000000000 0.000000000000000000 1.000000000000000000 181.344688729310291819 99.845724698248773166 0.000000000002690249 0.000000000000000000 0.000000000000000000 9.994999999999999218 -715.632613398130729365 -668.711484404308521334 21.853888049341705369 -16.875634290998579701 12.762657288898250130 -42.294316737687850605
0.000000000000000000 0.000000000000000000 0.000000000000000000 1.000000000000659695 0.000000000000044048 0.000000000000046893 0.000000000000000000 0.000000000000000000 0.000000000000000000 -7.571024271392865934 -4.945872923579697655 2.263238426707331996 0.000000000000000000 0.000000000000000000 0.000000000000000000
0.000000000000000000 0.000000000000000000 0.000000000000000000 0.000000000000043548 1.000000000000652367 0.000000000000044076 0.000000000000000000 0.000000000000000000 0.000000000000000000 2.187139417727242297 -7.221158175780170829 -5.400117161357176343 0.000000000000000000 0.000000000000000000 0.000000000000000000
0.000000000000000000 0.000000000000000000 0.000000000000000000 0.000000000000049336 0.000000000000044159 1.000000000000649703 0.000000000000000000 0.000000000000000000 0.000000000000000000 -5.000213656670885243 3.000002162180193110 -7.203869286607554656 0.000000000000000000 0.000000000000000000 0.000000000000000000
0.000000000000000000 0.000000000000000000 0.000000000000000000 -0.000000000000520957 69.650686047683265656 -51.907696380321887375 1.000000000000000000 0.000000000000000000 0.000000000000000000 175.975904083922188192 -343.723496920188154036 180.671324899633845007 -7.571024271390223603 -4.945872923578627400 2.263238426707216533
0.000000000000000000 0.000000000000000000 0.000000000000000000 -69.650686047684629898 -0.000000000000852436 -23.195162384701035307 0.000000000000000000 1.000000000000000000 0.000000000000000000 300.391657459323823787 50.086638857904347333 61.240066171888024371 2.187139417727132606 -7.221158175777686594 -5.400117161355988848
0.000000000000000000 0.000000000000000000 0.000000000000000000 51.907696380322832397 23.195162384701383473 0.000000000001351583 0.000000000000000000 0.000000000000000000 1.000000000000000000 -262.761786250374541396 -238.423377157954973882 21.372855032242711104 -5.000213656669769691 3.000002162179909782 -7.203869286605079303
0.000000000000000000 0.000000000000000000 0.000000000000000000 0.000000000000000000 0.000000000000000000 0.000000000000000000 0.000000000000000000 0.000000000000000000 0.000000000000000000 1.000000000000000000 0.000000000000000000 0.000000000000000000 0.000000000000000000 0.000000000000000000 0.000000000000000000
0.000000000000000000 0.000000000000000000 0.000000000000000000 0.000000000000000000 0.000000000000000000 0.000000000000000000 0.000000000000000000 0.000000000000000000 0.000000000000000000 0.000000000000000000 1.000000000000000000 0.000000000000000000 0.000000000000000000 0.000000000000000000 0.000000000000000000
0.000000000000000000 0.000000000000000000 0.000000000000000000 0.000000000000000000 0.000000000000000000 0.000000000000000000 0.000000000000000000 0.000000000000000000 0.000000000000000000 0.000000000000000000 0.000000000000000000 1.000000000000000000 0.000000000000000000 0.000000000000000000 0.000000000000000000
0.000000000000000000 0.000000000000000000 0.000000000000000000 0.000000000000000000 0.000000000000000000 0.000000000000000000 0.000000000000000000 0.000000000000000000 0.000000000000000000 0.000000000000000000 0.000000000000000000 0.000000000000000000 1.000000000000000000 0.000000000000000000 0.000000000000000000
0.000000000000000000 0.000000000000000000 0.000000000000000000 0.000000000000000000 0.000000000000000000 0.000000000000000000 0.000000000000000000 0.000000000000000000 0.000000000000000000 0.000000000000000000 0.000000000000000000 0.000000000000000000 0.000000000000000000 1.000000000000000000 0.000000000000000000
0.000000000000000000 0.000000000000000000 0.000000000000000000 0.000000000000000000 0.000000000000000000 0.000000000000000000 0.000000000000000000 0.000000000000000000 0.000000000000000000 0.000000000000000000 0.000000000000000000 0.000000000000000000 0.000000000000000000 0.000000000000000000 1.000000000000000000

Sigma_z_from_openvins_pack (15x15)
0.046020364356384957 -0.002910296560046302 -0.002756807280411666 -2.761772496321421855 -4.289800853580431728 2.296012006550854689 -0.952208335537242601 -1.134265395240946717 0.962917445357938884 0.000000000000000000 0.000000000000000000 0.000000000000000000 0.002437899761433426 0.000408997469067742 -0.000396176958097793
-0.002910296560046297 0.046876646987738552 -0.002405396747470917 4.758771713056918706 -1.184697115484674157 2.838294158061196892 1.408012416963122959 -0.277153511755297788 1.032020202790649765 0.000000000000000000 0.000000000000000000 0.000000000000000000 -0.000425249207354074 0.002434380595117955 0.000436583180065708
-0.002756807280411670 -0.002405396747470910 0.047130677856677426 -0.630085031629834535 -0.077036566449770083 -0.204752090758277577 -0.543832649545663238 -0.082101321161409779 -0.162967680728244801 0.000000000000000000 0.000000000000000000 0.000000000000000000 0.000409423710956915 -0.000433127724732350 0.002458713096651539
-2.761772496321421855 4.758771713056917818 -0.630085031629834535 1158.688810141612975713 192.588498708561985495 281.120802726603756128 295.815759407110817847 50.677627940667576922 76.366935798122455026 0.000514873562295299 0.000331044129091033 -0.000177095634054300 -0.084843331917533391 0.150721694765695136 -0.044593765509627611
-4.289800853580431728 -1.184697115484674157 -0.077036566449770083 192.588498708561985495 902.402820358245548960 -513.059538404414070101 69.086245427429375354 197.049975228970140506 -169.299167591979255576 -0.000157874216178796 0.000495999131750458 0.000366584070749232 -0.137187746938465832 -0.029543888188890265 -0.016942047495000303
2.296012006550854689 2.838294158061196892 -0.204752090758277577 281.120802726603756128 -513.059538404414070101 462.307470475057925796 60.113408752935853840 -116.663303313845858611 154.190556690778294069 0.000343409169250657 -0.000218207718822041 0.000490360523125882 0.091372377107042171 0.104213235260247880 -0.006735799395910510
-0.952208335537242601 1.408012416963122959 -0.543832649545663238 295.815759407110817847 69.086245427429389565 60.113408752935846735 84.618625719125788009 19.065520525764647175 16.973694424089188715 0.000128508177853135 0.000130851300821469 -0.000051437678121850 -0.042464219801390077 0.052476964080641030 -0.022937432650477457
-1.134265395240946717 -0.277153511755297788 -0.082101321161409779 50.677627940667576922 197.049975228970140506 -116.663303313845858611 19.065520525764647175 45.507646587449194442 -40.521150389854220464 -0.000050742767582103 0.000117977562025538 0.000139668674738821 -0.043599354469573887 -0.011584557198872816 -0.005335785791066901
0.962917445357938884 1.032020202790649765 -0.162967680728244801 76.366935798122469237 -169.299167591979255576 154.190556690778322491 16.973694424089188715 -40.521150389854213358 54.771226394111444336 0.000132355995072318 -0.000068859454595233 0.000118761394710458 0.041099844797788769 0.048265200889783130 -0.005210509103938742
0.000000000000000000 0.000000000000000000 0.000000000000000000 0.000514873562295299 -0.000157874216178796 0.000343409169250657 0.000128508177853135 -0.000050742767582103 0.000132355995072318 0.000039980000000000 0.000000000000000000 0.000000000000000000 0.000000000000000000 0.000000000000000000 0.000000000000000000
0.000000000000000000 0.000000000000000000 0.000000000000000000 0.000331044129091033 0.000495999131750458 -0.000218207718822041 0.000130851300821469 0.000117977562025538 -0.000068859454595233 0.000000000000000000 0.000039980000000000 0.000000000000000000 0.000000000000000000 0.000000000000000000 0.000000000000000000
0.000000000000000000 0.000000000000000000 0.000000000000000000 -0.000177095634054300 0.000366584070749232 0.000490360523125882 -0.000051437678121850 0.000139668674738821 0.000118761394710458 0.000000000000000000 0.000000000000000000 0.000039980000000000 0.000000000000000000 0.000000000000000000 0.000000000000000000
0.002437899761433426 -0.000425249207354074 0.000409423710956915 -0.084843331917533391 -0.137187746938465832 0.091372377107042171 -0.042464219801390077 -0.043599354469573887 0.041099844797788769 0.000000000000000000 0.000000000000000000 0.000000000000000000 0.000489755000000010 0.000000000000000000 0.000000000000000000
0.000408997469067742 0.002434380595117955 -0.000433127724732350 0.150721694765695136 -0.029543888188890265 0.104213235260247880 0.052476964080641030 -0.011584557198872816 0.048265200889783130 0.000000000000000000 0.000000000000000000 0.000000000000000000 0.000000000000000000 0.000489755000000010 0.000000000000000000
-0.000396176958097793 0.000436583180065708 0.002458713096651539 -0.044593765509627611 -0.016942047495000303 -0.006735799395910510 -0.022937432650477457 -0.005335785791066901 -0.005210509103938742 0.000000000000000000 0.000000000000000000 0.000000000000000000 0.000000000000000000 0.000000000000000000 0.000489755000000010

JincBias_bg_ba_rk4 (9x6)
-9.955235322331105863 -0.047806423445421187 0.106916887685089446 0.000000000000000000 0.000000000000000000 0.000000000000000000
0.105695270836774213 -9.998051084765812391 -0.048009931834300801 0.000000000000000000 0.000000000000000000 0.000000000000000000
-0.109850894336775085 0.030809408430309215 -10.040662805273406377 0.000000000000000000 0.000000000000000000 0.000000000000000000
437.999752623768358717 -1311.169972705458576456 451.308905613834610904 -43.526416887056036842 -16.708808079685169901 9.755990087211770856
1230.072452738349966239 164.708083610267948416 232.092118619092474319 9.169298381859066538 -42.663034129250718252 -19.043500063802476063
-715.632613398130729365 -668.711484404308521334 21.853888049341705369 -16.875634290998579701 12.762657288898250130 -42.294316737687850605
175.975904083922188192 -343.723496920188154036 180.671324899633845007 -7.571024271390223603 -4.945872923578627400 2.263238426707216533
300.391657459323823787 50.086638857904347333 61.240066171888024371 2.187139417727132606 -7.221158175777686594 -5.400117161355988848
-262.761786250374541396 -238.423377157954973882 21.372855032242711104 -5.000213656669769691 3.000002162179909782 -7.203869286605079303

JincBias_ba_bg_rk4 (9x6)
0.000000000000000000 0.000000000000000000 0.000000000000000000 -9.955235322331105863 -0.047806423445421187 0.106916887685089446
0.000000000000000000 0.000000000000000000 0.000000000000000000 0.105695270836774213 -9.998051084765812391 -0.048009931834300801
0.000000000000000000 0.000000000000000000 0.000000000000000000 -0.109850894336775085 0.030809408430309215 -10.040662805273406377
-43.526416887056036842 -16.708808079685169901 9.755990087211770856 437.999752623768358717 -1311.169972705458576456 451.308905613834610904
9.169298381859066538 -42.663034129250718252 -19.043500063802476063 1230.072452738349966239 164.708083610267948416 232.092118619092474319
-16.875634290998579701 12.762657288898250130 -42.294316737687850605 -715.632613398130729365 -668.711484404308521334 21.853888049341705369
-7.571024271390223603 -4.945872923578627400 2.263238426707216533 175.975904083922188192 -343.723496920188154036 180.671324899633845007
2.187139417727132606 -7.221158175777686594 -5.400117161355988848 300.391657459323823787 50.086638857904347333 61.240066171888024371
-5.000213656669769691 3.000002162179909782 -7.203869286605079303 -262.761786250374541396 -238.423377157954973882 21.372855032242711104

