0.046020364356384957 -0.002910296560046306 -0.002756807280411657 -2.761772496321422743 -4.289800853580431728 2.296012006550854245 -0.952208335537242934 -1.134265395240946717 0.962917445357938551 0.000000000000000000 0.000000000000000000 0.000000000000000000 0.002437899761433427 0.000408997469067742 -0.000396176958097793
-0.002910296560046302 0.046876646987738552 -0.002405396747470930 4.758771713056917818 -1.184697115484674601 2.838294158061196892 1.408012416963123181 -0.277153511755297899 1.032020202790649765 0.000000000000000000 0.000000000000000000 0.000000000000000000 -0.000425249207354073 0.002434380595117955 0.000436583180065707
-0.002756807280411661 -0.002405396747470926 0.047130677856677433 -0.630085031629834535 -0.077036566449769861 -0.204752090758277827 -0.543832649545663127 -0.082101321161409696 -0.162967680728244801 0.000000000000000000 0.000000000000000000 0.000000000000000000 0.000409423710956915 -0.000433127724732350 0.002458713096651539
-2.761772496321422743 4.758771713056917818 -0.630085031629834091 1158.688810141612975713 192.588498708561985495 281.120802726603756128 295.815759407110817847 50.677627940667576922 76.366935798122455026 0.000514873562295299 0.000331044129091033 -0.000177095634054300 -0.084843331917533391 0.150721694765695136 -0.044593765509627611
-4.289800853580431728 -1.184697115484674601 -0.077036566449769917 192.588498708561985495 902.402820358245548960 -513.059538404414070101 69.086245427429375354 197.049975228970140506 -169.299167591979255576 -0.000157874216178796 0.000495999131750458 0.000366584070749232 -0.137187746938465832 -0.029543888188890265 -0.016942047495000303
2.296012006550854245 2.838294158061196892 -0.204752090758277827 281.120802726603756128 -513.059538404414070101 462.307470475057925796 60.113408752935853840 -116.663303313845858611 154.190556690778294069 0.000343409169250657 -0.000218207718822041 0.000490360523125882 0.091372377107042171 0.104213235260247880 -0.006735799395910510
-0.952208335537242934 1.408012416963123181 -0.543832649545663127 295.815759407110817847 69.086245427429389565 60.113408752935846735 84.618625719125788009 19.065520525764647175 16.973694424089188715 0.000128508177853135 0.000130851300821469 -0.000051437678121850 -0.042464219801390077 0.052476964080641030 -0.022937432650477457
-1.134265395240946717 -0.277153511755297899 -0.082101321161409696 50.677627940667576922 197.049975228970140506 -116.663303313845858611 19.065520525764647175 45.507646587449194442 -40.521150389854220464 -0.000050742767582103 0.000117977562025538 0.000139668674738821 -0.043599354469573887 -0.011584557198872816 -0.005335785791066901
0.962917445357938551 1.032020202790649765 -0.162967680728244801 76.366935798122469237 -169.299167591979255576 154.190556690778322491 16.973694424089188715 -40.521150389854213358 54.771226394111444336 0.000132355995072318 -0.000068859454595233 0.000118761394710458 0.041099844797788769 0.048265200889783130 -0.005210509103938742
0.000000000000000000 0.000000000000000000 0.000000000000000000 0.000514873562295299 -0.000157874216178796 0.000343409169250657 0.000128508177853135 -0.000050742767582103 0.000132355995072318 0.000039980000000000 0.000000000000000000 0.000000000000000000 0.000000000000000000 0.000000000000000000 0.000000000000000000
0.000000000000000000 0.000000000000000000 0.000000000000000000 0.000331044129091033 0.000495999131750458 -0.000218207718822041 0.000130851300821469 0.000117977562025538 -0.000068859454595233 0.000000000000000000 0.000039980000000000 0.000000000000000000 0.000000000000000000 0.000000000000000000 0.000000000000000000
0.000000000000000000 0.000000000000000000 0.000000000000000000 -0.000177095634054300 0.000366584070749232 0.000490360523125882 -0.000051437678121850 0.000139668674738821 0.000118761394710458 0.000000000000000000 0.000000000000000000 0.000039980000000000 0.000000000000000000 0.000000000000000000 0.000000000000000000
0.002437899761433427 -0.000425249207354073 0.000409423710956915 -0.084843331917533391 -0.137187746938465832 0.091372377107042171 -0.042464219801390077 -0.043599354469573887 0.041099844797788769 0.000000000000000000 0.000000000000000000 0.000000000000000000 0.000489755000000010 0.000000000000000000 0.000000000000000000
0.000408997469067742 0.002434380595117955 -0.000433127724732350 0.150721694765695136 -0.029543888188890265 0.104213235260247880 0.052476964080641030 -0.011584557198872816 0.048265200889783130 0.000000000000000000 0.000000000000000000 0.000000000000000000 0.000000000000000000 0.000489755000000010 0.000000000000000000
-0.000396176958097793 0.000436583180065707 0.002458713096651539 -0.044593765509627611 -0.016942047495000303 -0.006735799395910510 -0.022937432650477457 -0.005335785791066901 -0.005210509103938742 0.000000000000000000 0.000000000000000000 0.000000000000000000 0.000000000000000000 0.000000000000000000 0.000489755000000010
