# export_vins_preint_pack
# imu_txt: /catkin_ws/src/VINS-Mono/imu_data/imu_data_Tangent_0.txt
# config_yaml: /catkin_ws/src/VINS-Mono/imu_data/cpc_config_Tangent_0.yaml
# interval: ts=0 te=9.9949999999999992 DT=9.9949999999999992
# dt_nominal: 0.0050000000000000001
# vins_noise: ACC_N=0.42426406871192851 GYR_N=0.70710678118654757 ACC_W=0.028284271247461901 GYR_W=0.098994949366116664
# z_order: [dphi, dp, dv, dba, dbg]

dR_vins (3x3)
0.367130403003357975 0.913862001461086315 -0.173411387965523356
-0.170027093040846899 0.249220655066584307 0.953404349014761898
0.914497706297107693 -0.320539088682987139 0.246877779080274640

dP_vins (3x1)
-99.851568859515481336
181.352600117706828087
410.247499929927357698

dV_vins (3x1)
-23.197128026614922902
51.909710009464028246
69.647462390995698911

DT_vins (1x1)
9.994999999999999218

Sigma_z_vins_gtsam (15x15)
0.031871265925239325 -0.001810772149860334 -0.001656118028563762 -1.655205502839306231 -2.734164868930101022 1.565337713954632504 -0.604425804324385307 -0.745003441481583262 0.664573165994061243 0.000000000000000000 0.000000000000000000 0.000000000000000000 0.002445472550127831 0.000409318742061027 -0.000397010846720347
-0.001810772149860334 0.032368281821068955 -0.001462725097081249 3.042988402779938539 -0.664103429961358183 1.800445164790331898 0.925072447983978807 -0.164891858662279817 0.676992485271435740 0.000000000000000000 0.000000000000000000 0.000000000000000000 -0.000426036154271894 0.002441645983660388 0.000437346970897174
-0.001656118028563755 -0.001462725097081247 0.032615745891284853 -0.594491984593645606 -0.148019566352838861 -0.138662787776478558 -0.406243280768629589 -0.075360050242159263 -0.107457198671961379 0.000000000000000000 0.000000000000000000 0.000000000000000000 0.000410007796288828 -0.000433865280710152 0.002465989446398657
-1.655205502839310228 3.042988402779947865 -0.594491984593645162 657.746155084751876529 114.140259212793083066 160.960686670643042362 174.671007274373636164 30.138491289929355332 46.227168577771642788 0.000514884590060787 0.000331032829331344 -0.000177105045384211 -0.085022302142272660 0.150972577659511942 -0.044671793873267175
-2.734164868930085035 -0.664103429961363290 -0.148019566352834059 114.140259212792628318 504.108738834898588266 -294.139754016452172891 43.442311910805400998 113.458684704282958933 -99.832291932133813361 -0.000157843637762309 0.000495997888408821 0.000366600943255981 -0.137409254866929176 -0.029597129522697840 -0.016961831766437924
1.565337713954632504 1.800445164790327013 -0.138662787776477614 160.960686670642729723 -294.139754016451661300 273.938718076145960367 34.541171226913739645 -69.341231357477639108 94.603642520382223324 0.000343415131972539 -0.000218236483186811 0.000490339686209998 0.091552715931689579 0.104414356967337862 -0.006751177094784470
-0.604425804324382754 0.925072447983979140 -0.406243280768629311 174.671007274373124574 43.442311910805571529 34.541171226914038073 52.008994421831339139 12.050145967878503228 10.313310497984748082 0.000128514639826932 0.000130845497033154 -0.000051443268244209 -0.042562288284706845 0.052586841741402678 -0.022994434818477360
-0.745003441481583817 -0.164891858662281399 -0.075360050242158888 30.138491289929330463 113.458684704283456313 -69.341231357477838060 12.050145967878542308 27.074041789286059867 -24.800116340584050789 -0.000050727272186930 0.000117979749280831 0.000139673850637270 -0.043688080531569536 -0.011603916683782063 -0.005347421511624290
0.664573165994058135 0.676992485271431632 -0.107457198671960269 46.227168577771486468 -99.832291932134012313 94.603642520382052794 10.313310497984669922 -24.800116340583876706 34.723014670440520035 0.000132357304462852 -0.000068870949387447 0.000118751135901645 0.041202909818564851 0.048371640872089935 -0.005224445928077730
0.000000000000000000 0.000000000000000000 0.000000000000000000 0.000514884590060787 -0.000157843637762309 0.000343415131972539 0.000128514639826932 -0.000050727272186930 0.000132357304462852 0.000039979999999999 0.000000000000000000 0.000000000000000000 0.000000000000000000 0.000000000000000000 0.000000000000000000
0.000000000000000000 0.000000000000000000 0.000000000000000000 0.000331032829331344 0.000495997888408821 -0.000218236483186811 0.000130845497033154 0.000117979749280831 -0.000068870949387447 0.000000000000000000 0.000039979999999999 0.000000000000000000 0.000000000000000000 0.000000000000000000 0.000000000000000000
0.000000000000000000 0.000000000000000000 0.000000000000000000 -0.000177105045384211 0.000366600943255981 0.000490339686209998 -0.000051443268244209 0.000139673850637270 0.000118751135901645 0.000000000000000000 0.000000000000000000 0.000039979999999999 0.000000000000000000 0.000000000000000000 0.000000000000000000
0.002445472550127831 -0.000426036154271894 0.000410007796288828 -0.085022302142272660 -0.137409254866929176 0.091552715931689579 -0.042562288284706845 -0.043688080531569536 0.041202909818564851 0.000000000000000000 0.000000000000000000 0.000000000000000000 0.000489755000000004 0.000000000000000000 0.000000000000000000
0.000409318742061027 0.002441645983660388 -0.000433865280710152 0.150972577659511942 -0.029597129522697840 0.104414356967337862 0.052586841741402678 -0.011603916683782063 0.048371640872089935 0.000000000000000000 0.000000000000000000 0.000000000000000000 0.000000000000000000 0.000489755000000004 0.000000000000000000
-0.000397010846720347 0.000437346970897174 0.002465989446398657 -0.044671793873267175 -0.016961831766437924 -0.006751177094784470 -0.022994434818477360 -0.005347421511624290 -0.005224445928077730 0.000000000000000000 0.000000000000000000 0.000000000000000000 0.000000000000000000 0.000000000000000000 0.000489755000000004

JincBias_ba_bg_vins (9x6)
0.000000000000000000 0.000000000000000000 0.000000000000000000 -10.000913496631072874 -0.042079911040139750 0.103053291443817585
0.000000000000000000 0.000000000000000000 0.000000000000000000 0.102412408136266730 -10.042820116836425726 -0.043361633711433756
0.000000000000000000 0.000000000000000000 0.000000000000000000 -0.105027047001499341 0.026105953109756497 -10.084909217487155075
-43.526703785896827981 -16.708539011425777687 9.756560448646421690 439.246239792607298114 -1313.922595834349522192 452.503800808162452540
9.168181117624778054 -42.662863220641064288 -19.044301207048633273 1232.498930086416066843 165.101744759656469341 232.572206744938796419
-16.876160009929286332 12.763819301874587353 -42.293409958333832321 -717.517121821229466150 -670.406131894183999975 21.940867810705842800
-7.571214785351954468 -4.945700602423218406 2.263435327465461722 176.517185191819947931 -344.673294364644050347 181.338894340856938925
2.186639896357978508 -7.221195951048136941 -5.400326631610298023 301.170629456269580260 50.196675620599989998 61.431700197101903882
-5.000298836691723814 3.000405969350628865 -7.203522034900654347 -263.674153182345662572 -239.132286658540778035 21.452763533730887957

